100010366830481
100015445830471
100023980486860
100012509706218
100003528865674
100014176571843
100012561458616
100023419013641
100008394977286
100003716501841
100024050050856
100005319469163
100008338841473
100003747875053
100009399868067
100022134863800
100026813646831
100000942308560
100000177380740
100008280303741
100005687340638
100002512525112
100025740424426
100020418062760
100000679882092
100005251894167
100003896577960
100003195878983
100002437010809
100009676175563
100005964451706
100009702120428
100011747526096
100009479346245
100021853039687
100004754013845
100024591520543
100011199153288
100008259511184
100026471324582
100007595264909
100025059250508
100024324293080
100023214764960
100008475003270
100027011572642
100001802199449
100003581724475
100023726724004
100005823997669
100025310866144
100003298609613
100027068322576
100005338444084
100027018439911
100009607036168
100026045114090
100007967024035
100012494235284
100006457926488
100025386091098
100022069847415
100026838094434
100000362253755
100026659672746
100011951385812
100023375023016
100006786455556
100024204713880
100026467697415
100026033206282
100011788516526
100027020184000
100003723326985
100009377095592
100027389622599
100021456197529
100002873250173
100024004412026
100027055424958
100002180921858
100006984850273
100007123366865
100023836668841
100003125374135
100024257261599
100005320877571
100010149586544
100007196772466
100028347466384
100027301471429
100021651581044
100014741022469
100026961742013
100024186257722
100021751177986
100026285343744
100026218241939